19
1
7
178
547
698
511
894
239
794
503
414
571
722
463
942
575
414
751
834
799
378
783
714
151
698
783
550
211
878
11
722
159
570
463
658
515
234
951
954
723
746
839
274
771
998
171
662
939
174
803
890
51
558
767
706
563
802
27
574
111
554
235
594
195
462
119
918
431
242
43
570
639
258
319
50
211
178
939
494
903
186
499
694
563
666
527
66
511
734
727
250
603
602
799
198
395
554
239
870
19
970
839
666
727
866
903
498
395
382
115
498
539
534
571
6
279
390
219
886
763
30
155
550
891
906
95
390
391
934
907
834
943
50
803
922
159
882
991
234
735
98
163
350
835
802
191
230
83
778
163
154
667
298
123
690
443
310
431
826
947
270
395
734
351
202
459
174
135
66
591
850
71
930
559
242
139
878
559
786
351
510
795
178
603
142
851
354
195
370
935
354
11
490
291
966
799
714
839
882
331
682
71
858
3
582
583
774
959
518
723
810
555
426
735
626
271
674
7
186
935
858
51
610
667
406
79
558
911
358
523
830
339
186
175
230
175
926
607
214
23
914
443
514
827
6
119
954
907
666
599
22
379
914
915
762
567
994
47
666
919
126
691
394
187
70
355
558
231
526
23
918
943
6
339
534
651
654
215
838
723
882
319
722
191
118
111
862
523
454
231
866
211
478
335
690
879
302
407
226
87
510
331
690
131
34
607
866
867
434
203
522
23
694
239
906
243
638
131
334
87
310
595
478
907
458
183
782
995
438
547
570
199
962
423
858
235
78
75
102
935
398
7
478
607
878
439
154
463
890
895
370
203
746
183
170
459
838
867
254
443
238
743
758
167
426
319
290
267
346
351
182
307
722
615
290
627
782
655
962
111
558
339
906
159
182
771
578
183
698
699
554
223
242
143
210
563
830
159
970
519
826
203
750
831
106
299
522
411
618
11
314
871
698
595
726
739
958
655
854
191
798
195
110
695
638
791
910
811
734
451
818
299
494
1003
386
95
282
927
534
851
938
63
978
403
714
935
10
727
630
971
702
123
110
931
770
183
974
51
618
615
250
679
938
803
818
927
174
43
522
955
202
771
922
371
258
123
330
47
126
11
414
247
834
799
362
735
570
595
642
467
142
547
362
219
18
947
582
891
214
283
954
563
946
435
794
919
218
987
278
575
590
987
538
315
814
727
690
555
458
875
42
783
318
291
114
883
966
803
442
23
474
947
18
839
58
323
658
435
882
887
122
399
266
775
502
627
54
167
502
939
142
431
778
463
826
675
714
723
546
327
746
587
366
43
814
355
410
719
986
219
390
27
834
607
34
755
98
571
730
971
458
191
314
595
306
423
10
475
798
471
198
959
626
455
6
11
666
43
222
979
274
595
586
943
566
367
618
363
14
975
814
551
422
755
654
323
990
175
102
199
998
803
994
931
186
483
870
87
114
279
534
511
758
527
654
1003
202
823
458
987
514
191
442
423
794
903
74
555
862
171
942
691
434
811
938
267
266
275
958
991
158
111
234
967
782
207
330
223
322
599
574
287
638
487
750
331
878
607
458
371
954
507
478
35
150
263
70
411
330
551
930
415
638
323
278
923
338
231
50
851
390
571
494
591
322
907
426
847
766
691
822
567
206
171
34
751
614
111
322
863
470
979
810
171
318
411
598
327
258
543
234
763
614
707
198
491
106
903
618
699
290
799
966
203
982
639
534
427
374
379
542
607
842
843
362
799
110
219
26
963
630
95
966
915
498
191
870
575
246
675
606
779
714
971
114
35
850
455
646
711
758
419
926
815
782
723
662
215
410
507
234
975
962
747
6
691
22
119
870
783
294
819
694
423
798
923
134
767
654
27
198
811
646
515
6
171
622
915
102
267
94
99
430
39
914
163
806
699
394
607
390
311
774
427
762
451
758
343
626
919
486
447
666
871
170
823
406
575
282
83
838
759
938
487
510
3
898
755
286
15
66
483
570
235
558
215
522
11
754
419
346
47
486
215
22
947
550
827
22
455
958
43
762
919
94
359
402
959
734
403
854
407
434
107
570
167
358
619
186
415
178
19
370
531
746
183
786
299
358
339
402
59
886
859
42
191
422
603
330
355
874
247
574
687
26
659
450
559
930
371
570
119
318
499
446
875
598
347
14
815
206
735
698
735
58
743
82
715
62
847
234
199
350
919
338
807
742
919
182
463
714
591
462
75
942
503
106
831
498
339
642
895
382
263
926
819
550
27
614
223
890
559
454
455
822
79
870
155
98
231
934
579
578
175
142
35
506
651
230
727
366
935
594
